16 9 14 5.996265411376953 180.0000457763672
18 9 12 5.996265411376953 180.0000457763672
70 11 17 5.996265411376953 180.0000457763672
525 11 10 5.996265411376953 180.0000457763672
299 13 12 5.996265477487948 179.99998143163808
133 15 22 5.9962658146627295 179.99998783558615
405 19 16 5.996265477487948 179.99998143163808
349 20 14 5.9962658146627295 179.99998783558615
71 21 8 5.996265411376953 180.0000457763672
1078 21 16 5.996265477487948 179.99998143163808
17 23 16 5.996265888214111 180.00006103515625
74 65 68 5.996265411376953 180.0000457763672
243 66 67 5.996265411376953 180.0000457763672
187 69 68 5.996265411376953 180.0000457763672
75 72 68 5.996265411376953 180.00006103515625
79 72 64 5.996265411376953 180.00006103515625
242 73 67 5.996265411376953 180.0000457763672
405 76 70 5.9962658146627295 179.99998783558615
1075 77 75 5.996265477487948 179.99999433669447
1250 78 68 5.996265477487948 179.99998143163808
130 121 124 5.996265411376953 180.0000457763672
135 121 132 5.9962663650512695 180.00006103515625
188 122 135 5.996264803138377 179.99996856070828
299 122 123 5.996265411376953 180.0000457763672
130 126 67 5.996265411376953 180.0000457763672
631 126 132 5.996265411376953 180.0000457763672
1075 127 124 5.996265477487948 179.99996856070828
1134 127 125 5.9962658146627295 179.99998783558615
135 128 120 5.996265411376953 180.00006103515625
298 129 123 5.996265411376953 180.00003051757813
792 129 135 5.996265411376953 180.00006103515625
458 131 133 5.996265477487948 179.99999433669447
1137 134 125 5.996266826187186 179.99999420941356
1306 134 124 5.996265477487948 179.99998143163808
191 177 188 5.996265888214111 180.0000457763672
412 178 191 5.996264457702637 180.00006103515625
467 181 180 5.996264803138443 179.99998143163808
187 184 180 5.9962663650512695 180.0000457763672
191 184 176 5.996265888214111 180.0000457763672
354 185 179 5.996264934539795 180.0000457763672
848 185 191 5.996264457702637 180.00006103515625
182 186 17 5.996265411376953 180.0000457763672
1187 189 187 5.996266151837529 179.99998143163808
344 190 183 5.996264457702637 180.0000457763672
1250 232 243 5.996265477487948 179.99999433669447
294 235 241 5.996264457702637 180.0000457763672
749 235 234 5.996265411376953 180.0000457763672
242 238 179 5.9962663650512695 180.0000457763672
693 238 233 5.996265411376953 180.0000457763672
1187 239 236 5.9962658146627295 179.99997499156038
1246 239 237 5.996265477487948 179.99999433669447
243 240 236 5.996265888214111 180.0000457763672
245 240 233 5.996265411376953 180.00006103515625
233 244 10 5.996265888214111 180.00006103515625
242 244 187 5.996265888214111 180.0000457763672
1418 246 236 5.996264803138443 179.99998143163808
234 247 233 5.996265411376953 180.00006103515625
1137 288 296 5.9962658146627295 179.99997499156038
1306 288 299 5.996265477487948 179.99997988641465
296 289 294 5.996266841888428 180.0000457763672
298 289 292 5.9962663650512695 180.0000457763672
297 291 182 5.996264803138377 179.99998143163808
468 293 295 5.996264457702637 180.0000457763672
294 300 125 5.996265888214111 180.0000457763672
298 300 243 5.996265411376953 180.0000457763672
1190 301 296 5.996265099852217 179.9999871082888
1474 302 292 5.996264803138443 179.99998143163808
297 303 296 5.996265411376953 180.0000457763672
406 347 353 5.996265411376953 180.00003051757813
352 348 349 5.996265411376953 180.0000457763672
973 350 345 5.996265477487948 179.99998143163808
352 355 237 5.996265411376953 180.0000457763672
412 355 344 5.996265411376953 180.0000457763672
345 356 290 5.996265477487948 179.99996856070828
467 356 354 5.9962658146627295 179.99998783558615
407 357 344 5.9962663650512695 180.0000457763672
1414 357 352 5.996265477487948 179.99998143163808
351 358 8 5.996264803138377 179.99998143163808
1361 358 349 5.996265477487948 179.99999433669447
346 359 345 5.996265411376953 180.00003051757813
353 359 352 5.996265411376953 180.00003051757813
408 401 406 5.9962663650512695 180.0000457763672
415 401 412 5.996267318725586 180.0000457763672
415 402 132 5.9962641287887966 179.99996856070828
462 403 409 5.996264457702637 180.00003051757813
967 403 415 5.996264457702637 180.00006103515625
408 404 405 5.996265888214111 180.00003051757813
415 404 407 5.996265888214111 180.0000457763672
406 410 241 5.996265888214111 180.0000457763672
468 411 400 5.996264457702637 180.0000457763672
463 413 400 5.996265888214111 180.0000457763672
1470 413 408 5.996264803138443 179.99998143163808
407 414 64 5.996265477488033 179.99996856070828
1305 456 464 5.996265477487948 179.99996856070828
1474 456 467 5.996265477487948 179.99997988641465
464 457 462 5.996266841888428 180.0000457763672
973 459 458 5.996265411376953 180.00003051757813
460 461 75 5.996264803138377 179.9999556612613
463 461 132 5.996264803138377 179.99998143163808
462 466 297 5.9962663650512695 180.0000457763672
1358 469 464 5.996265099852217 179.9999871082888
463 470 120 5.996266151837766 179.99998143163808
465 471 464 5.996265411376953 180.00003051757813
520 512 353 5.9962658146627295 179.99997499156038
573 514 521 5.996265411376953 180.0000457763672
691 514 515 5.996265411376953 180.0000457763672
520 516 517 5.996265411376953 180.0000457763672
526 516 513 5.9962663650512695 180.0000457763672
1141 518 513 5.996264803138443 179.99998143163808
517 519 14 5.996265888214111 180.0000457763672
909 523 520 5.996265477487948 179.99998143163808
635 524 522 5.996265477487948 179.99999433669447
521 527 520 5.996265411376953 180.0000457763672
576 568 409 5.9962658146627295 179.99997499156038
579 568 74 5.996265411376953 180.0000457763672
583 569 580 5.996265888214111 180.0000457763672
1085 571 570 5.996264934539795 180.0000457763672
1135 571 583 5.9962639808654785 180.00006103515625
576 572 573 5.9962663650512695 180.0000457763672
578 574 515 5.996265411376953 180.0000457763672
573 575 70 5.996265888214111 180.0000457763672
582 575 525 5.996265888214111 180.0000457763672
1086 577 570 5.996264457702637 180.0000457763672
579 581 67 5.996265411376953 180.0000457763672
632 624 465 5.9962658146627295 179.99997499156038
635 624 130 5.996265411376953 180.00003051757813
639 625 636 5.9962663650512695 180.00006103515625
633 626 517 5.996264803138377 179.99998143163808
1023 627 639 5.9962641287887966 179.99996856070828
632 628 629 5.996266841888428 180.0000457763672
639 628 631 5.996267318725586 180.0000457763672
1135 630 636 5.996264457702637 180.0000457763672
632 637 14 5.996265140313196 179.99996211513542
635 637 123 5.996265411376953 180.0000457763672
792 638 631 5.9962663650512695 180.0000457763672
693 680 526 5.996265888214111 180.0000457763672
741 682 689 5.996265411376953 180.0000457763672
859 682 683 5.996264457702637 180.0000457763672
971 685 684 5.996264803138443 179.99998143163808
795 686 690 5.996266151837529 179.99998143163808
1309 686 681 5.996264803138443 179.99998143163808
691 688 684 5.9962663650512695 180.0000457763672
693 688 681 5.9962663650512695 180.0000457763672
803 692 690 5.996265477487948 179.99999433669447
684 694 354 5.996264934539795 180.0000457763672
848 694 687 5.996264457702637 180.0000457763672
684 695 683 5.996265411376953 180.0000457763672
749 736 582 5.996265411376953 180.0000457763672
744 737 742 5.996265888214111 180.0000457763672
1253 739 738 5.996264457702637 180.0000457763672
744 740 741 5.996265888214111 180.0000457763672
750 743 693 5.996265411376953 180.0000457763672
1408 745 751 5.9962639808654785 180.00006103515625
744 747 629 5.996264934539795 180.0000457763672
749 747 570 5.9962663650512695 180.0000457763672
742 748 573 5.996265411376953 180.0000457763672
746 748 691 5.996265411376953 180.0000457763672
806 797 738 5.996265888214111 180.0000457763672
915 797 796 5.996264457702637 180.0000457763672
806 799 749 5.996265411376953 180.0000457763672
803 800 796 5.996265888214111 180.00003051757813
970 801 795 5.996264457702637 180.00003051757813
1310 801 794 5.996264457702637 180.00003051757813
798 802 633 5.996266841888428 180.0000457763672
1142 802 793 5.996264934539795 180.0000457763672
793 804 570 5.996265411376953 180.0000457763672
798 804 629 5.996265411376953 180.0000457763672
792 805 687 5.996265477488033 179.99996856070828
794 807 793 5.996265411376953 180.0000457763672
796 807 795 5.996265411376953 180.0000457763672
863 850 580 5.996264803138377 179.99996856070828
863 852 855 5.996265888214111 180.0000457763672
963 854 858 5.996266826187186 179.99999420941356
1477 854 849 5.996264803138443 179.99998143163808
863 856 848 5.996267318725586 180.0000457763672
851 857 522 5.996265140313196 179.99997499156038
849 860 794 5.996265477487948 179.99996856070828
971 860 858 5.996265477487948 179.99999433669447
911 861 848 5.9962663650512695 180.0000457763672
853 862 353 5.996265411376953 180.0000457763672
912 904 241 5.996265411376953 180.0000457763672
912 905 910 5.996265888214111 180.0000457763672
919 906 636 5.9962641287887966 179.99996856070828
966 907 913 5.996264457702637 180.00003051757813
912 908 909 5.996265888214111 180.00003051757813
919 908 911 5.9962663650512695 180.00006103515625
910 916 741 5.996265411376953 180.0000457763672
914 916 859 5.996265411376953 180.0000457763672
912 917 462 5.996264934539795 180.0000457763672
909 918 409 5.9962663650512695 180.0000457763672
973 960 806 5.996265411376953 180.00001525878906
970 961 964 5.9962663650512695 180.00006103515625
963 962 635 5.996264803138377 179.99998143163808
964 965 579 5.996264803138377 179.9999556612613
967 965 636 5.996265477488033 179.99996856070828
971 968 964 5.9962663650512695 180.0000457763672
963 969 634 5.996264803138377 179.99999280596356
970 972 915 5.996265411376953 180.0000457763672
964 974 130 5.996265140313196 179.99996211513542
1366 1016 1029 5.9962658146627295 179.99998783558615
1024 1017 1022 5.996265411376953 180.0000457763672
1031 1017 1028 5.996265411376953 180.00006103515625
1031 1019 71 5.996264803138377 179.99996856070828
1024 1020 1021 5.996265411376953 180.0000457763672
1031 1020 1023 5.9962663650512695 180.00006103515625
1018 1025 22 5.996265140313196 179.99997499156038
1031 1025 176 5.996264803138377 179.99996856070828
1028 1026 8 5.996264803138377 179.99998143163808
1361 1026 1022 5.996265477487948 179.99999433669447
1354 1027 1029 5.996266826187186 179.99999420941356
1413 1027 1024 5.996265477487948 179.99998143163808
1021 1030 521 5.996265411376953 180.0000457763672
1080 1072 913 5.996265477487948 179.99996856070828
1080 1073 1078 5.996265888214111 180.00003051757813
1082 1073 1076 5.996265411376953 180.0000457763672
1251 1074 1075 5.996265411376953 180.00003051757813
1086 1077 1018 5.996266841888428 180.0000457763672
1195 1077 1076 5.996265411376953 180.0000457763672
1076 1079 515 5.996265411376953 180.0000457763672
1086 1079 1029 5.996265888214111 180.0000457763672
1410 1083 1085 5.996266826187186 179.99999420941356
1469 1083 1080 5.996264803138443 179.99998143163808
1413 1084 1078 5.996265477487948 179.99997988641465
1076 1087 1075 5.996265411376953 180.0000457763672
1081 1087 1080 5.996265411376953 180.00003051757813
1139 1128 634 5.996265411376953 180.00001525878906
1478 1128 1141 5.996265477487948 179.99997988641465
1137 1130 1021 5.996264803138377 179.99999280596356
1196 1130 1143 5.996264803138377 179.99996856070828
1137 1131 1022 5.996265140313196 179.99997499156038
1142 1132 1129 5.996266841888428 180.0000457763672
1143 1132 1135 5.996267795562744 180.00006103515625
1308 1133 1135 5.9962663650512695 180.0000457763672
1141 1136 1129 5.9962663650512695 180.0000457763672
1473 1138 1134 5.996266826187186 179.99999420941356
1410 1140 1129 5.996265477487948 179.99996856070828
1469 1140 1134 5.996265477487948 179.99997988641465
1192 1184 521 5.996265411376953 180.0000457763672
1195 1184 690 5.996265411376953 180.0000457763672
1192 1185 1190 5.996265411376953 180.0000457763672
1245 1186 1193 5.996265411376953 180.00003051757813
1363 1186 1187 5.996264457702637 180.00003051757813
1188 1191 795 5.996265477487948 179.99996856070828
1196 1194 176 5.996264803138377 179.99998143163808
1192 1197 742 5.996265411376953 180.0000457763672
1195 1197 683 5.996265888214111 180.0000457763672
1188 1198 858 5.996264457702637 180.0000457763672
1189 1198 689 5.996265411376953 180.0000457763672
1188 1199 1187 5.996265411376953 180.00003051757813
1193 1199 1192 5.996265411376953 180.0000457763672
1251 1240 746 5.996265411376953 180.0000457763672
1253 1240 1086 5.996265411376953 180.0000457763672
1250 1241 1244 5.996265888214111 180.00003051757813
1242 1243 245 5.996264803138377 179.99998143163808
1255 1243 295 5.9962641287887966 179.99996856070828
1244 1247 683 5.996265411376953 180.0000457763672
1245 1247 742 5.996265411376953 180.0000457763672
1251 1248 1244 5.996265888214111 180.0000457763672
1255 1249 400 5.9962641287887966 179.99996856070828
1250 1252 1195 5.996265411376953 180.00003051757813
1244 1254 914 5.996264457702637 180.0000457763672
1304 1296 633 5.996265411376953 180.0000457763672
1309 1296 1142 5.996265411376953 180.00003051757813
1311 1297 1308 5.996267318725586 180.0000457763672
1305 1298 1189 5.996264803138377 179.99999280596356
1364 1298 1311 5.9962641287887966 179.99996856070828
1305 1299 1190 5.996264803138377 179.99998143163808
1311 1299 183 5.996264425502603 179.99999999998815
1304 1300 1301 5.9962663650512695 180.00006103515625
1308 1302 295 5.996265477488033 179.99996856070828
1301 1303 798 5.996265411376953 180.0000457763672
1310 1303 1253 5.996265411376953 180.0000457763672
1304 1307 1021 5.996265140313196 179.99996211513542
1360 1352 689 5.996265411376953 180.00006103515625
1363 1352 858 5.996265411376953 180.0000457763672
1360 1353 1358 5.996265411376953 180.0000457763672
1414 1355 1361 5.996265411376953 180.00003051757813
1356 1357 1139 5.996265099852217 179.9999871082888
1356 1359 963 5.996265477487948 179.99996856070828
1477 1359 1366 5.996265477487948 179.99997988641465
1358 1362 1193 5.996265411376953 180.0000457763672
1364 1362 344 5.996264803138377 179.99998143163808
1360 1365 910 5.996265411376953 180.0000457763672
1363 1365 851 5.9962663650512695 180.0000457763672
1361 1367 1360 5.996265411376953 180.00006103515625
1418 1409 1412 5.9962663650512695 180.0000457763672
1423 1411 463 5.9962641287887966 179.99996856070828
1412 1415 851 5.996265411376953 180.0000457763672
1413 1415 910 5.996265411376953 180.00001525878906
1423 1416 1408 5.996267795562744 180.00006103515625
1423 1417 64 5.996264425502603 179.99999999998815
1421 1419 1242 5.9962663650512695 180.0000457763672
1414 1420 1245 5.996265411376953 180.00001525878906
1418 1420 1363 5.996265411376953 180.00003051757813
1412 1422 578 5.996264803138377 179.9999556612613
1413 1422 913 5.996265888214111 180.0000457763672
1477 1464 1310 5.996265411376953 180.00001525878906
1472 1465 1470 5.9962663650512695 180.0000457763672
1479 1466 1028 5.996264425502603 179.99999999998815
1473 1467 1358 5.996264803138377 179.99999280596356
1479 1467 351 5.996264425502603 179.99999999998815
1472 1468 1469 5.9962663650512695 180.0000457763672
1469 1471 966 5.996265411376953 180.00001525878906
1478 1471 1421 5.996265411376953 180.00001525878906
1472 1475 1189 5.996264803138377 179.9999556612613
1470 1476 1301 5.996265411376953 180.00001525878906
